ID,1,2,3,4,5,6,7,8,9,10,11,12,13,14,15,16,17,18,19,20,21,22,23,48,49,50,51,56,57,58,59,65,66,67,68,69,70,71,72,73,74,75,76,77,78,79,80,81,82,83,84,85,86,87,88,89,119,120,121,122,123,124,125,126,127,128,133,134,166,167,168,182,183,184,185,186,187,188,189,190,191,192,193,194,195,198,201,299,300,301,302,303,304,305,306,316,317,318,351,353
1,0,0.1677615906,0.2884625569,0.2831938326,0.434274232,0.3079494463,0.1740514449,0.4125414065,0.292871611,0.343548213,0.2582006899,0.3548196074,0.2843372108,0.2460337373,0.2558199765,0.2421400341,0.2130753995,0.3002795341,0.3305322584,0.3091856808,0.2791345579,0.3169980174,0.3525689297,0.2915679954,0.3544056984,0.3230188238,0.3438074977,0.3151424457,0.341098711,0.3595738954,0.291126727,0.4226356615,0.398604068,0.3938066063,0.3126443153,0.2957569025,0.3023994584,0.2760411484,0.3004252694,0.2820046322,0.3581666576,0.3355969059,0.2912514692,0.2435713988,0.2613751175,0.2123821567,0.2397059006,0.2406455386,0.2710504494,0.2787713099,0.3215558399,0.2910978544,0.3008907288,0.2849115604,0.3218413574,0.3112582838,0.3523266952,0.3754217752,0.3063007332,0.3123282061,0.261527857,0.2908915838,0.3772050841,0.3497335017,0.3039648973,0.286954592,0.2392879506,0.2671146596,0.2879071771,0.2964113609,0.3583763541,0.2799058956,0.3814596994,0.2930810658,0.3466364773,0.3483971754,0.356576794,0.2994013309,0.3243639911,0.2923334934,0.3707962713,0.2874339494,0.3808998474,0.345214741,0.3436233023,0.316411479,0.268440861,0.260937456,0.2866918005,0.2916172776,0.2646405809,0.2663862414,0.2329411578,0.2277884455,0.2325372721,0.4490376815,0.2590490491,0.2774960632,0.3037091887,0.3183232432
2,0.1677615906,0,0.2860448817,0.1917605582,0.4623133412,0.2484322683,0.1427676712,0.4828427344,0.3310522264,0.3488112955,0.3027915617,0.3760920103,0.3246545784,0.3152343837,0.1977312456,0.3071826763,0.3363300999,0.318664434,0.3430718481,0.3081748113,0.2750998811,0.2566075343,0.4135733723,0.3094865905,0.3815065527,0.3458461738,0.3431305742,0.3123287701,0.3597680568,0.3857582086,0.3127764781,0.4430353269,0.4453195229,0.3885885879,0.3573502419,0.3164475004,0.3230900563,0.3499078147,0.3425988887,0.3275222549,0.3532162299,0.3549015024,0.2584600137,0.2573319898,0.2308991642,0.2604010863,0.2791075172,0.2920014172,0.2605560161,0.3763849847,0.3380884336,0.3062444468,0.2901201262,0.2843501371,0.3417179544,0.3577054074,0.3465622666,0.3698360969,0.3013503054,0.3053565263,0.2775181024,0.2809691511,0.3774439115,0.3399898191,0.3759375465,0.3375597198,0.2843771061,0.2928295125,0.2872302536,0.2866676783,0.3291728449,0.2964384893,0.4312035586,0.3175749175,0.3673270752,0.3682737725,0.3510606031,0.3636299723,0.395794292,0.2882493165,0.3926394239,0.3407744896,0.4290286458,0.3167600398,0.3159193518,0.3358810756,0.3436023177,0.2823788047,0.3560079471,0.3415871548,0.3330272265,0.2829188351,0.3293772336,0.2727340677,0.3287649455,0.4468606503,0.3398700115,0.246090609,0.3569399713,0.3125588147
3,0.2884625569,0.2860448817,0,0.2695693263,0.3891511825,0.3258482198,0.2379293621,0.5770526324,0.3030840886,0.3572186714,0.1849844879,0.2357905404,0.2326770672,0.2379472254,0.2691257052,0.2854082258,0.2422449249,0.2648589624,0.2856057097,0.2590642709,0.1750026022,0.216357413,0.3789615339,0.2355838474,0.3273078197,0.2977612947,0.3150816174,0.3226396016,0.2908151569,0.2759165133,0.2646735012,0.3786379689,0.3808181499,0.3109342786,0.2310276492,0.2799440351,0.2803979326,0.2463104066,0.2708987361,0.2880861345,0.283255079,0.282498349,0.3799094079,0.2560633193,0.2261968268,0.213294394,0.2096235672,0.2333300386,0.2700883564,0.2863698137,0.2635651178,0.2640429758,0.2709494713,0.2571660561,0.2788704628,0.2851407811,0.2754519381,0.2929826008,0.1987899454,0.1831733599,0.1550567497,0.2670226555,0.262395353,0.1805532037,0.252395717,0.2418079935,0.2174121878,0.2621705626,0.2308985874,0.2267785742,0.2269730592,0.2214823334,0.3574629896,0.2611627176,0.298068925,0.3025110375,0.2780307113,0.3273685073,0.3571031995,0.2283527222,0.2911978064,0.2812356984,0.41157751,0.2735591656,0.2705817255,0.3483286593,0.2952901274,0.2632329817,0.2849603222,0.2584239282,0.2713494589,0.286768133,0.2854043859,0.2810037817,0.2863271971,0.3607117654,0.3355195783,0.2430964258,0.2367660951,0.2480158566
4,0.2831938326,0.1917605582,0.2695693263,0,0.4147068331,0.331272955,0.2324795219,0.4959776131,0.2603882678,0.3894640169,0.3388400417,0.3117468817,0.3618266465,0.2694771864,0.1554608078,0.2642071016,0.3176432046,0.3324073896,0.3261033819,0.2878956575,0.263573594,0.2619391041,0.4290663238,0.2922862695,0.3133705529,0.3043406652,0.3792478381,0.3476354602,0.2934523358,0.308804821,0.3504872944,0.3726732513,0.3725621799,0.3168639779,0.3137468823,0.2709215893,0.3301711662,0.3321650845,0.326269944,0.3588428086,0.3588971514,0.3343109837,0.3422394558,0.312469253,0.2640629699,0.2661457696,0.2558704522,0.3530889664,0.3188224344,0.3850679547,0.2688098517,0.2341342448,0.2987537905,0.2951110235,0.3492892722,0.3152588512,0.3279452768,0.3037853243,0.2817428892,0.2902405019,0.2616694879,0.3134569677,0.342295099,0.3199996568,0.3604859349,0.2969753583,0.3268440876,0.3062058849,0.2686966318,0.2658225474,0.3388619881,0.3293333937,0.366956712,0.3071663945,0.2752077695,0.276492663,0.3047617973,0.3201162126,0.3053639731,0.2495001449,0.3512480933,0.3813580738,0.351022666,0.2732359738,0.301821784,0.3498777387,0.3797319959,0.3432131273,0.3153608196,0.2724006445,0.3180911328,0.3192956784,0.338816778,0.3069987919,0.3376401315,0.4677184477,0.4591208833,0.2829863838,0.2935133168,0.2908540147
5,0.434274232,0.4623133412,0.3891511825,0.4147068331,0,0.4368463677,0.4335349279,0.5000543951,0.3734300494,0.4387253825,0.3226141976,0.3824086095,0.3777231905,0.3571571757,0.4664066272,0.3858049482,0.4183612838,0.3780355364,0.3696613965,0.3859148781,0.4274074678,0.4219622657,0.4241899959,0.4183755209,0.4169205295,0.4237385445,0.4552416081,0.3309045246,0.3801303141,0.421734792,0.3506533062,0.3554862371,0.3464720285,0.4111006507,0.4322408145,0.3546700258,0.417827349,0.4290684087,0.4166175462,0.4002744437,0.4169029833,0.4190283237,0.5205355193,0.3530162834,0.3935118751,0.4049025018,0.3824680875,0.356824465,0.3956322404,0.3987071667,0.4173614611,0.3555844751,0.3586443658,0.3790505776,0.4523085681,0.4207714463,0.4319935558,0.3928583725,0.4283592643,0.4128089483,0.4193930857,0.3593167825,0.4102174581,0.4106032159,0.3952734126,0.4110403257,0.4073376126,0.3933753296,0.3915871439,0.3848325645,0.4657265485,0.4044988886,0.4631819301,0.3962870757,0.4279705731,0.4331998146,0.4542327141,0.3860722443,0.3586135481,0.4280746196,0.5074505776,0.4302491029,0.2982035707,0.4509080746,0.4469212235,0.3915111938,0.3279520836,0.3242557011,0.2941531984,0.329768453,0.337127549,0.3938542915,0.2698144801,0.3370983171,0.2722735591,0.5010357656,0.4256325669,0.3805559387,0.4480460825,0.4585008007
6,0.3079494463,0.2484322683,0.3258482198,0.331272955,0.4368463677,0,0.2554964274,0.5380922596,0.4200008636,0.3643596093,0.3169538741,0.4092063851,0.3644579164,0.3054325575,0.3128270707,0.3348837376,0.3060405914,0.3173602766,0.3464282997,0.3587813558,0.3162892205,0.3054999549,0.4670258109,0.2587955881,0.2862956911,0.2694387309,0.3224510636,0.2583159261,0.2523974595,0.285089167,0.2791584141,0.4163973476,0.4099624419,0.3555035075,0.2930924779,0.214460082,0.2281844449,0.2415655748,0.2577916757,0.2037040529,0.2539760642,0.2015961209,0.1930355965,0.1744857552,0.2628088944,0.2227986861,0.2209255073,0.1834960069,0.1983265521,0.3096378162,0.3319029257,0.251499002,0.2285823976,0.204768091,0.2813307658,0.2352805833,0.2544793228,0.2862391115,0.2867398891,0.2263993456,0.2533520243,0.1948894633,0.385666218,0.2565079457,0.308590651,0.249725142,0.3431590384,0.2376818556,0.1834867481,0.1827591727,0.2995531466,0.2817059729,0.3692898901,0.2657239639,0.3129730691,0.3117830142,0.2860729419,0.2691698614,0.2994885888,0.2366425632,0.309597382,0.3293110308,0.3362447146,0.2560676009,0.2581932276,0.3592294325,0.2720295401,0.2253852812,0.3026774273,0.239991175,0.2821027974,0.2368784109,0.2518031257,0.1799795732,0.2546414932,0.3957879178,0.3967824741,0.2560019672,0.3432316037,0.2045825049
7,0.1740514449,0.1427676712,0.2379293621,0.2324795219,0.4335349279,0.2554964274,0,0.4385853382,0.3167177405,0.3720748472,0.254676042,0.3279764906,0.2765390587,0.2554624759,0.1786641667,0.2803030014,0.2282021438,0.2676977115,0.293491127,0.2681992998,0.2721504066,0.2871919168,0.3599138471,0.2590038685,0.3170046402,0.2854142653,0.3092442806,0.2597974578,0.2860837234,0.2922587718,0.2582185755,0.4140122696,0.4162964656,0.3605926104,0.2985116548,0.2636715996,0.2673001524,0.2655012005,0.2866549848,0.2479613273,0.2687712974,0.246531546,0.3172954009,0.2118212727,0.2090714708,0.1899753443,0.2112117777,0.1896646433,0.2193573033,0.301229238,0.2857357097,0.2306901114,0.2646193883,0.2292202339,0.2621570268,0.2604198386,0.3243165728,0.3441803996,0.2709646035,0.2603298097,0.233635387,0.2656534642,0.3181611807,0.2873925068,0.2857946084,0.2550753775,0.2675745842,0.2393327875,0.2620585569,0.2627279828,0.3203719116,0.2440857654,0.3764544214,0.2368091652,0.3129283493,0.3217730544,0.2958870568,0.3194120801,0.3425343907,0.2629236196,0.277784227,0.3029926644,0.3847670625,0.3152661902,0.3158115037,0.3059741977,0.2991476017,0.2275701018,0.305929249,0.2576394228,0.2861165316,0.2003571045,0.2538995101,0.2530183764,0.2507572195,0.3862361546,0.3372479491,0.2751269665,0.3088244516,0.2917783223
8,0.4125414065,0.4828427344,0.5770526324,0.4959776131,0.5000543951,0.5380922596,0.4385853382,0,0.5335760328,0.6082596735,0.5225350765,0.598973709,0.5681838059,0.5183351568,0.4702193946,0.5551353008,0.4912221292,0.5804280334,0.6064966816,0.5035480707,0.5462020287,0.5446426445,0.5318977422,0.4846941997,0.5649408127,0.5295830297,0.5566014643,0.4701220045,0.5671560364,0.5944143501,0.4747277166,0.5733484914,0.5516052275,0.5422617081,0.5470341944,0.5233860339,0.525569281,0.5255394117,0.5222090906,0.5548285044,0.5322840833,0.529510047,0.511688728,0.4902093088,0.5347093916,0.5145445898,0.5177652699,0.4632477195,0.4619469993,0.5275821581,0.5504699101,0.5188061859,0.4803606994,0.4746772789,0.4973744366,0.5251998265,0.5187829368,0.5471804582,0.5234373732,0.5130259451,0.5172092172,0.4851536289,0.5536958114,0.5768592032,0.5259734416,0.4680164622,0.5093308208,0.4997110555,0.4838648327,0.4948794455,0.5700659012,0.5045298718,0.5810505855,0.4740973815,0.5472177773,0.5424094784,0.5480053624,0.4991894345,0.5322323799,0.541878893,0.5785798088,0.4974412867,0.5283855851,0.5219865172,0.5241983323,0.4985583149,0.5292463667,0.4983832722,0.5006333432,0.5305727557,0.4916326802,0.4978464973,0.4982576541,0.4569965631,0.4912577074,0.6317072679,0.5856611338,0.5103945227,0.5707718962,0.5462600581
9,0.292871611,0.3310522264,0.3030840886,0.2603882678,0.3734300494,0.4200008636,0.3167177405,0.5335760328,0,0.2509904214,0.3303264998,0.2419423946,0.3011139189,0.2361562048,0.2740425848,0.262130238,0.2896832578,0.2816450772,0.2794256847,0.3084714683,0.2801332428,0.2767675568,0.3467938247,0.2810977762,0.3347583627,0.3202797006,0.3476644355,0.2928496073,0.259609509,0.2848919803,0.3452823673,0.264730694,0.2932266645,0.3241467674,0.3356876258,0.2715215622,0.3210278566,0.3090916562,0.3172266657,0.3287160585,0.3021016333,0.2970979426,0.4434190836,0.3029929017,0.2490076861,0.3058444737,0.2274505722,0.3094541584,0.3062589716,0.301358712,0.265699218,0.2340494813,0.2398533911,0.2632429727,0.3473710668,0.3021660086,0.3460892942,0.3179430091,0.3212269512,0.3091118964,0.3039908091,0.3114847979,0.3649164028,0.3111171551,0.2713196899,0.3448383337,0.2343006523,0.3478669339,0.2798575964,0.2809536367,0.3864575972,0.3010736985,0.3144771039,0.3146054125,0.3184505787,0.3151773792,0.3503650376,0.2954417609,0.2765907795,0.3067296113,0.371941836,0.3081668748,0.328953869,0.3718813973,0.3710407093,0.2672566137,0.3216153142,0.3132252422,0.2333398436,0.260241678,0.2333608395,0.3352786023,0.2561943672,0.3014274627,0.2542834381,0.4006162707,0.398688477,0.3372490697,0.2850289031,0.3371347916
10,0.343548213,0.3488112955,0.3572186714,0.3894640169,0.4387253825,0.3643596093,0.3720748472,0.6082596735,0.2509904214,0,0.3263744151,0.3456253279,0.3019274994,0.3938574422,0.3624299745,0.4278807334,0.4276834755,0.3065871818,0.2885827735,0.3461185856,0.3331102363,0.3441160646,0.373902619,0.3411189159,0.305481413,0.3249872849,0.3140122315,0.3008131949,0.2695310986,0.3490517241,0.3239281756,0.3825529725,0.411048943,0.3975280754,0.3679440753,0.3350407053,0.3589059741,0.3547482263,0.3521787803,0.3153121247,0.3383517492,0.3331357104,0.407023036,0.2948923341,0.2624984273,0.324598882,0.3518684979,0.2839618929,0.3003000583,0.4161599064,0.3961946781,0.3489386758,0.3054476898,0.2883253274,0.3852491843,0.2572841542,0.3839674117,0.3728766437,0.4055031151,0.3446745116,0.3941162289,0.3264938926,0.259051553,0.3686309798,0.407722919,0.3487098888,0.3783201807,0.2937629594,0.3401899837,0.3387472742,0.3624670102,0.375911853,0.3079107254,0.3363981661,0.353072693,0.3531483989,0.3629184032,0.3658909109,0.3633721959,0.3680702387,0.3118174463,0.3972066985,0.311662764,0.3798449849,0.4025085704,0.379921056,0.2786901009,0.2928204819,0.3442676521,0.3043898018,0.3479454713,0.2892630735,0.3176846887,0.3382261899,0.3159146973,0.3722223263,0.289053697,0.2746778084,0.3452312195,0.4262949604
11,0.2582006899,0.3027915617,0.1849844879,0.3388400417,0.3226141976,0.3169538741,0.254676042,0.5225350765,0.3303264998,0.3263744151,0,0.3135094746,0.254738881,0.325826006,0.3279664023,0.3513332474,0.3081699466,0.2957864381,0.3122728878,0.3742719544,0.3204122858,0.354287137,0.3844673451,0.3279368316,0.3675918158,0.3358156364,0.3504816085,0.3116415464,0.3293981795,0.3725082581,0.3049574972,0.3936662806,0.3958464616,0.4098691411,0.3250033293,0.321814074,0.3184522742,0.2900101412,0.3089530777,0.2748584249,0.323539075,0.3160933818,0.3734974655,0.251253941,0.3299847335,0.3165481127,0.3038275122,0.2260150737,0.3076424117,0.2987831297,0.4042510268,0.3556090231,0.3139213533,0.300104471,0.3704365101,0.3187372779,0.3217691166,0.3340535337,0.3454415721,0.2772163034,0.3039270166,0.2585070034,0.2759130869,0.2933519113,0.3371468563,0.3360119384,0.3040257126,0.3054711499,0.2790380363,0.2675531731,0.3209487394,0.3059657345,0.3965860651,0.3172190854,0.3874053179,0.3904047129,0.3750925056,0.316370452,0.3450367682,0.3316064409,0.3652468598,0.3284666831,0.3292780955,0.3628955585,0.3599181184,0.3629716297,0.234958236,0.2523447537,0.2720727046,0.2926368523,0.2542895307,0.294648482,0.2217689051,0.223843976,0.2230885417,0.3956788603,0.348392097,0.2854841315,0.3478367391,0.3580634828
12,0.3548196074,0.3760920103,0.2357905404,0.3117468817,0.3824086095,0.4092063851,0.3279764906,0.598973709,0.2419423946,0.3456253279,0.3135094746,0,0.1264804525,0.2537660782,0.3107559728,0.2649665447,0.3009559752,0.1582689153,0.1576231557,0.2145705456,0.2649734182,0.2858583607,0.3504734508,0.2226586302,0.2600518418,0.2562392448,0.2672599089,0.2532468716,0.2784186206,0.2882006231,0.2441168895,0.3336308889,0.3095992954,0.2703474438,0.2650719526,0.2407341806,0.2901579339,0.2857390148,0.2526867094,0.3491281871,0.2673740546,0.317899376,0.3975941162,0.2742822157,0.2995013026,0.2793757185,0.1994375955,0.2556394094,0.3116172761,0.2937988127,0.1695412582,0.1709076653,0.2353884526,0.2496675458,0.2864008097,0.2749548094,0.2882285306,0.2491295485,0.2605175869,0.3240887895,0.2694171169,0.2530345692,0.265589622,0.2975879702,0.3190314743,0.3084437508,0.2421322818,0.2717363138,0.2546164782,0.2420632389,0.3136489416,0.2311854996,0.3681834638,0.245079838,0.2542158727,0.2586579852,0.3161788686,0.2812858006,0.256974599,0.2752877341,0.3556159645,0.2922459151,0.3914316162,0.3089601926,0.3059827524,0.3045769549,0.2727146328,0.2268773035,0.1949915903,0.2226499722,0.2269622185,0.293662944,0.2468190532,0.3243295157,0.2522011732,0.279533748,0.3380911159,0.3097321831,0.2396385242,0.3132818497
13,0.2843372108,0.3246545784,0.2326770672,0.3618266465,0.3777231905,0.3644579164,0.2765390587,0.5681838059,0.3011139189,0.3019274994,0.254738881,0.1264804525,0,0.2975682497,0.2996004812,0.3139564632,0.2718615384,0.1314373124,0.1507954016,0.2407192956,0.2616129093,0.2958845859,0.3480228331,0.2394114621,0.2794836896,0.2434340059,0.2345957046,0.2710761552,0.3213466662,0.3642209647,0.2184133855,0.4041167125,0.379981104,0.3131563361,0.2301906034,0.287587347,0.2773526951,0.2462810065,0.2165714472,0.2593998713,0.2824394958,0.3056283251,0.3651003011,0.2156131869,0.2451986803,0.2301594953,0.2204554861,0.223052692,0.2525154072,0.3089656018,0.2418412,0.2182950197,0.2535746248,0.2471811629,0.252948042,0.2937138477,0.2808580744,0.2910057393,0.2505775384,0.3217037544,0.2693546386,0.2250085086,0.2633140105,0.3141465519,0.3400578105,0.3060587157,0.2705769312,0.2170173727,0.2754485643,0.2586218207,0.3313991713,0.2509311117,0.3875870982,0.2426019007,0.2982288157,0.300534176,0.3049945894,0.2784760011,0.3087448813,0.2751323535,0.3510925971,0.2880601844,0.3460377559,0.2998942699,0.2985193939,0.3240088027,0.2255422595,0.1972846934,0.2709656358,0.2648203818,0.296605173,0.2604768259,0.2692729473,0.2683314271,0.2716609601,0.2673377464,0.2880617486,0.2560650968,0.2606383169,0.3275815792
14,0.2460337373,0.3152343837,0.2379472254,0.2694771864,0.3571571757,0.3054325575,0.2554624759,0.5183351568,0.2361562048,0.3938574422,0.325826006,0.2537660782,0.2975682497,0,0.2676363383,0.0729121801,0.1194252071,0.2653432209,0.2582724596,0.1835178769,0.1521098021,0.1200432109,0.2852926218,0.1452252747,0.205745015,0.2035170652,0.2288356745,0.2303090026,0.1713893786,0.1329388886,0.2255171171,0.2751425443,0.2472843942,0.1581360041,0.1823936429,0.0985521706,0.1486689655,0.1793000566,0.1960754142,0.235686335,0.2557093683,0.2022278695,0.3153445544,0.1471464214,0.1797349179,0.1364477046,0.1241066045,0.2003713201,0.1781951712,0.1887211454,0.1207938066,0.1195393246,0.1737451122,0.1727035385,0.2036697927,0.1778586466,0.2385691592,0.2062870317,0.1584565109,0.1757955224,0.1261781288,0.2285092867,0.3485942854,0.2198685842,0.1737112803,0.1513686876,0.1379912579,0.1862516565,0.1777685196,0.1726155377,0.2136663417,0.1577708513,0.214229473,0.1800064136,0.1570747134,0.162609013,0.1997309204,0.1796036764,0.1589225681,0.1890765705,0.2478537323,0.1391531085,0.2820409242,0.2052863502,0.2044815741,0.153200531,0.2120699639,0.2197727159,0.1464517114,0.1195679748,0.0980997364,0.1452170944,0.1470001134,0.1751080369,0.1442351709,0.3888290492,0.2857023718,0.2376639432,0.2602550649,0.1804038184
15,0.2558199765,0.1977312456,0.2691257052,0.1554608078,0.4664066272,0.3128270707,0.1786641667,0.4702193946,0.2740425848,0.3624299745,0.3279664023,0.3107559728,0.2996004812,0.2676363383,0,0.2901120989,0.2392468175,0.2797201729,0.3039110244,0.2112647923,0.2280417369,0.2259022057,0.413944188,0.2122147711,0.251109362,0.214914795,0.2891222724,0.3363119212,0.2592630835,0.2892836999,0.2644053693,0.3672589589,0.3929183543,0.310728221,0.2514820725,0.266906953,0.2717526946,0.2719034223,0.2431622915,0.276464706,0.2500626289,0.2528162774,0.2625752331,0.2660538389,0.1834302071,0.214217068,0.2114404774,0.294962698,0.2696886781,0.3303952166,0.2420083654,0.2092622269,0.2413732228,0.2349329648,0.266087756,0.276872592,0.2509785739,0.2714959014,0.2046126741,0.2121416485,0.212716253,0.2414528895,0.3052789297,0.2420625984,0.2804568282,0.2372713092,0.2690790486,0.2217329068,0.2159393977,0.2173980744,0.300607307,0.2806808765,0.2788371248,0.1967988246,0.2476193584,0.2472433043,0.2132888875,0.2458776692,0.274672548,0.1937494999,0.2443455786,0.2901458999,0.3681121395,0.1901021653,0.2143683149,0.3123214917,0.3520065415,0.2578882073,0.2852591035,0.2578821608,0.3131468338,0.2628167922,0.3318344633,0.2548620152,0.332052126,0.3820326237,0.3928143666,0.2570045853,0.3151082073,0.2392889193
16,0.2421400341,0.3071826763,0.2854082258,0.2642071016,0.3858049482,0.3348837376,0.2803030014,0.5551353008,0.262130238,0.4278807334,0.3513332474,0.2649665447,0.3139564632,0.0729121801,0.2901120989,0,0.0936874514,0.2919921766,0.2824669531,0.202623573,0.1997779629,0.1800855634,0.2544720462,0.2028586836,0.1819909841,0.175227634,0.2009302394,0.2557257083,0.2039743804,0.1945513869,0.2730523791,0.2513903864,0.2242628177,0.1620368482,0.1797354749,0.1319447921,0.1300864941,0.1539629086,0.1725549378,0.2177143642,0.235507743,0.1870197411,0.3799309218,0.1791617563,0.2342953731,0.1926994116,0.1545027856,0.2422497192,0.2416036543,0.1684181723,0.1785725022,0.1456087242,0.2068760203,0.1997914662,0.2068032261,0.2072664767,0.2182149088,0.1812526788,0.2156108027,0.2316392702,0.1770605,0.2610124004,0.319838312,0.2814843508,0.2418504556,0.2120978012,0.1570938639,0.2323240351,0.2155857624,0.2055377756,0.2103816073,0.1903083187,0.2121635094,0.2123935403,0.1567656352,0.1630033378,0.2043369775,0.1479237625,0.1245795891,0.1636074457,0.2057402202,0.1352437709,0.2747053681,0.2069267115,0.2043667461,0.1219169925,0.2381432257,0.2505665474,0.1695355351,0.1546264627,0.1233261734,0.1660138748,0.1731904402,0.2041022187,0.1742061538,0.3528652747,0.2752032541,0.2908838993,0.2472005071,0.2413200127
17,0.2130753995,0.3363300999,0.2422449249,0.3176432046,0.4183612838,0.3060405914,0.2282021438,0.4912221292,0.2896832578,0.4276834755,0.3081699466,0.3009559752,0.2718615384,0.1194252071,0.2392468175,0.0936874514,0,0.2660091951,0.2847817852,0.2064599713,0.1747833324,0.2007209514,0.2565044427,0.1688724169,0.1798847397,0.1459019102,0.1987378066,0.2716397062,0.221816728,0.2175662482,0.2470185225,0.2615971249,0.2398538609,0.2056408012,0.1269517524,0.1727770907,0.1195438391,0.0914695144,0.1151276477,0.1507363145,0.1971873102,0.148162532,0.3410482752,0.1758641453,0.2039756372,0.1577376711,0.1261658017,0.2071318264,0.2047422597,0.1270811482,0.2021803202,0.164421225,0.1734305539,0.1759478251,0.1692984206,0.2063728702,0.1779462609,0.2004308403,0.1761815931,0.1976653785,0.1510186684,0.2227650045,0.2904480771,0.2571244688,0.2056518117,0.175593907,0.1284429927,0.2026243352,0.1774538666,0.1811778935,0.2042885383,0.1829929537,0.2057905298,0.1565186268,0.1710350418,0.177984995,0.1637410901,0.1212173685,0.1505209977,0.1397612163,0.1556486498,0.1303706754,0.2733708781,0.1700158169,0.1730794453,0.1438237721,0.2334260155,0.2242765038,0.2008855492,0.1790142294,0.1692849617,0.1673676185,0.19850986,0.1715077284,0.193137915,0.3170102646,0.2554350038,0.2559876567,0.2561629105,0.203310217
18,0.3002795341,0.318664434,0.2648589624,0.3324073896,0.3780355364,0.3173602766,0.2676977115,0.5804280334,0.2816450772,0.3065871818,0.2957864381,0.1582689153,0.1314373124,0.2653432209,0.2797201729,0.2919921766,0.2660091951,0,0.0502867208,0.2181139324,0.2595786439,0.2761900822,0.3511507085,0.1800233187,0.2556911424,0.2270311705,0.2664808131,0.2709252442,0.2898736632,0.3085740521,0.1592531878,0.397012577,0.3729809835,0.2851393267,0.2253834653,0.2464505175,0.249350348,0.2453170762,0.2148095264,0.2585037514,0.27784852,0.27709179,0.2751053249,0.1830576556,0.2119080079,0.181741016,0.1623462896,0.2134673601,0.2162347119,0.304273278,0.2046214156,0.183013489,0.1908166229,0.2134424908,0.2741646524,0.2716967873,0.2444043535,0.2638775181,0.2166934098,0.2827965793,0.2331487736,0.1561868036,0.2567471298,0.2647701685,0.2749309614,0.2707534943,0.2581055003,0.186056933,0.2139096305,0.2077802358,0.3287850157,0.2328318324,0.3554557608,0.2075104229,0.2646903381,0.2712692027,0.2730885109,0.2432502174,0.2695858165,0.2331156849,0.3201721746,0.2814264724,0.3256505516,0.2724261109,0.2715854229,0.3442943995,0.186506571,0.1958415036,0.2700426465,0.2450329758,0.3011118976,0.2396074948,0.2670653046,0.238409711,0.2703106725,0.3636073995,0.3139501967,0.2473166519,0.2081305093,0.2779725456
19,0.3305322584,0.3430718481,0.2856057097,0.3261033819,0.3696613965,0.3464282997,0.293491127,0.6064966816,0.2794256847,0.2885827735,0.3122728878,0.1576231557,0.1507954016,0.2582724596,0.3039110244,0.2824669531,0.2847817852,0.0502867208,0,0.1913405584,0.2330216321,0.2446395735,0.3309773411,0.2057018555,0.2284791011,0.2451766702,0.2915276241,0.2708194301,0.2883597846,0.3020006892,0.1870180538,0.3932372027,0.3714939387,0.2835070906,0.2545981749,0.2465876449,0.2733566536,0.2700435832,0.2358854291,0.2767713513,0.3019477279,0.294594937,0.3075464832,0.2093414202,0.2432004179,0.2217509765,0.1855261025,0.2444658008,0.2374094795,0.3261428315,0.2090485686,0.1788978817,0.2199190294,0.2421663092,0.2996998639,0.2462081515,0.277207684,0.2657935774,0.2445961458,0.3152377376,0.2658190246,0.1864912097,0.2397298503,0.2834906726,0.2984310181,0.2987128598,0.2882457575,0.2153094843,0.2456725241,0.2309825326,0.3579997252,0.2626125248,0.3269740248,0.2308896382,0.2635898061,0.2709556076,0.296055221,0.2694780171,0.2739116215,0.2708030888,0.3578812144,0.3122602427,0.286936964,0.2975007926,0.2961259166,0.3456537869,0.2240506496,0.2216349191,0.268809035,0.2437697121,0.2929892814,0.2080735074,0.2694473489,0.2649900633,0.268233408,0.3276222718,0.2897322628,0.2195983617,0.2459687243,0.2971699001
20,0.3091856808,0.3081748113,0.2590642709,0.2878956575,0.3859148781,0.3587813558,0.2681992998,0.5035480707,0.3084714683,0.3461185856,0.3742719544,0.2145705456,0.2407192956,0.1835178769,0.2112647923,0.202623573,0.2064599713,0.2181139324,0.1913405584,0,0.1784359506,0.1509581448,0.3007071938,0.1806517954,0.184592357,0.211813541,0.2295497119,0.2263221853,0.2519137131,0.227434426,0.1461834105,0.3334526593,0.3057755885,0.1655863662,0.2188505849,0.1859427448,0.2107301951,0.2408567793,0.2081500055,0.2941204727,0.2652763932,0.2669616656,0.3447092706,0.1998263484,0.2285049388,0.2104055089,0.1701561852,0.2553593663,0.2354224071,0.2924041519,0.1761143837,0.1488797622,0.2072556913,0.203839369,0.2326140965,0.194592648,0.2402056615,0.2350819633,0.190710946,0.2526761752,0.1944432492,0.2308690043,0.2445212798,0.252433544,0.2224207467,0.1807992421,0.2325781641,0.2114941824,0.233172414,0.2284154325,0.2943699298,0.1720188094,0.273375277,0.1622053741,0.2154789246,0.2157133711,0.202951967,0.2337983437,0.2410296737,0.2394876555,0.2391110377,0.2276938777,0.3022227091,0.2365532108,0.2366282737,0.2364434774,0.2496006081,0.2249644705,0.223696288,0.2016081202,0.2292305614,0.1533386942,0.2721752475,0.2784654271,0.2771503672,0.2664780441,0.2776406961,0.2149529573,0.1947606581,0.2568309622
21,0.2791345579,0.2750998811,0.1750026022,0.263573594,0.4274074678,0.3162892205,0.2721504066,0.5462020287,0.2801332428,0.3331102363,0.3204122858,0.2649734182,0.2616129093,0.1521098021,0.2280417369,0.1997779629,0.1747833324,0.2595786439,0.2330216321,0.1784359506,0,0.0506839723,0.3230859883,0.1461330712,0.1851612504,0.2048529268,0.2493493745,0.2275015793,0.2253748164,0.1986455066,0.2261672855,0.3335238783,0.3094922849,0.2200255644,0.1625467344,0.1824750104,0.2131305903,0.181916834,0.17981737,0.2464598179,0.267269788,0.2422580337,0.2919378206,0.202048766,0.1469375226,0.1561533619,0.1517487697,0.2295716238,0.1577685573,0.2680535204,0.1491062637,0.146476931,0.1549702573,0.1474894567,0.2093734661,0.1711906774,0.1907135048,0.1778907989,0.1095837577,0.1490615765,0.0967261281,0.1816288208,0.2567243723,0.2034591391,0.2623913895,0.174880589,0.1514985404,0.1777440414,0.1774887112,0.1757780239,0.2345945626,0.211088798,0.2407867216,0.1752712942,0.1793252812,0.1846472329,0.2029674476,0.2403522431,0.2394360921,0.1775541965,0.262728882,0.217149261,0.3098519355,0.1833217378,0.1833328632,0.2296863635,0.3160844967,0.2234339522,0.2248700224,0.174723257,0.2306983307,0.1735306822,0.2497633605,0.2208099723,0.248757822,0.3146032236,0.2780245936,0.1248869701,0.2693256527,0.1834194545
22,0.3169980174,0.2566075343,0.216357413,0.2619391041,0.4219622657,0.3054999549,0.2871919168,0.5446426445,0.2767675568,0.3441160646,0.354287137,0.2858583607,0.2958845859,0.1200432109,0.2259022057,0.1800855634,0.2007209514,0.2761900822,0.2446395735,0.1509581448,0.0506839723,0,0.3158405027,0.1488348162,0.1891721246,0.2065158068,0.2338646299,0.2279407256,0.221359154,0.1906503303,0.228554658,0.3239598557,0.2986494352,0.187956693,0.1894813238,0.1494141601,0.1760521191,0.2078138519,0.1985787671,0.2570767068,0.2585453097,0.2334282783,0.2860035842,0.1742135077,0.154705952,0.1600167874,0.1479176875,0.2315827431,0.1499776668,0.2627417574,0.1551449414,0.1471240776,0.1474661808,0.1539052083,0.2004875149,0.1682142961,0.1867757703,0.1861379245,0.1113181892,0.152047349,0.098990802,0.1758640845,0.281767319,0.2029376677,0.261068829,0.1798217752,0.1645788678,0.1941601398,0.1810893321,0.1813256468,0.218206293,0.1937245501,0.2460758751,0.1944689307,0.1879024071,0.1878316034,0.2007669315,0.2320049799,0.2429550908,0.195386636,0.2801486614,0.2028648313,0.3008844731,0.1804821758,0.1821598029,0.2067334607,0.291699894,0.2215919956,0.2231568659,0.1716262469,0.1963839872,0.1471099467,0.2447017007,0.2227104937,0.2431599595,0.3554869127,0.3141927007,0.156247271,0.2902105952,0.1716354601
23,0.3525689297,0.4135733723,0.3789615339,0.4290663238,0.4241899959,0.4670258109,0.3599138471,0.5318977422,0.3467938247,0.373902619,0.3844673451,0.3504734508,0.3480228331,0.2852926218,0.413944188,0.2544720462,0.2565044427,0.3511507085,0.3309773411,0.3007071938,0.3230859883,0.3158405027,0,0.3620968699,0.30946721,0.3334323907,0.3217827126,0.3330834223,0.4162262705,0.4374030861,0.3833105407,0.3363004095,0.3098764715,0.3262759903,0.3194031828,0.3501288021,0.3160690286,0.3401957575,0.3355115414,0.3499269371,0.3450958815,0.3694514963,0.4786339226,0.3157553574,0.3354304388,0.3094595445,0.34184425,0.3123008163,0.351263416,0.296399884,0.356299957,0.3357423422,0.3495369607,0.3546954754,0.3384816109,0.3556848147,0.3689669488,0.359225996,0.3713427568,0.4130967912,0.3611971215,0.3682177847,0.2458715093,0.4640330862,0.4278919077,0.3921973466,0.2528617309,0.3270279565,0.3887351501,0.3869522966,0.3139261177,0.3201531006,0.3460851825,0.3266966817,0.3342687019,0.3417274057,0.3740912633,0.3164579045,0.312238216,0.3384381476,0.3655288074,0.2712221579,0.2739816618,0.3605123129,0.3575348727,0.2562083774,0.335136608,0.3063005074,0.3059314383,0.3509704626,0.2848637331,0.2479846353,0.2776530086,0.3313114355,0.2792739499,0.4257040704,0.3144845023,0.3673105653,0.3653900002,0.4174150659
48,0.2915679954,0.3094865905,0.2355838474,0.2922862695,0.4183755209,0.2587955881,0.2590038685,0.4846941997,0.2810977762,0.3411189159,0.3279368316,0.2226586302,0.2394114621,0.1452252747,0.2122147711,0.2028586836,0.1688724169,0.1800233187,0.2057018555,0.1806517954,0.1461330712,0.1488348162,0.3620968699,0,0.1343798671,0.1012605864,0.1516815443,0.1989882058,0.1645177867,0.1062020517,0.0925976194,0.3233534024,0.3016101384,0.1268113805,0.0759006737,0.1250989619,0.1240681645,0.1177847276,0.0887969422,0.1830384176,0.1547959909,0.1523437945,0.1793018926,0.1136678622,0.145523758,0.1249471674,0.0942551372,0.1440918903,0.0927990248,0.2046321201,0.0930193001,0.1138484534,0.0679247172,0.0963462894,0.0996635114,0.1509375822,0.1275735438,0.1404777115,0.0949620055,0.1135928236,0.1190218156,0.0900758314,0.261137631,0.1722766874,0.2056524534,0.0965617836,0.1537726969,0.0709663493,0.0939236601,0.0902969297,0.179302224,0.1785548167,0.1827636377,0.0742917314,0.0949942351,0.0976048458,0.0781312207,0.1284044737,0.1577081029,0.179315035,0.1793523955,0.1053714824,0.271305908,0.1008221935,0.1024998206,0.2039965553,0.231034666,0.1271151005,0.152806195,0.1279841222,0.1750360632,0.1471724441,0.2033405587,0.1686746547,0.1993546151,0.2887739144,0.2846665678,0.1806340987,0.2270108647,0.1283924377
49,0.3544056984,0.3815065527,0.3273078197,0.3133705529,0.4169205295,0.2862956911,0.3170046402,0.5649408127,0.3347583627,0.305481413,0.3675918158,0.2600518418,0.2794836896,0.205745015,0.251109362,0.1819909841,0.1798847397,0.2556911424,0.2284791011,0.184592357,0.1851612504,0.1891721246,0.30946721,0.1343798671,0,0.0427685995,0.1223452499,0.1988481123,0.1829743615,0.1981024288,0.2006300587,0.2423366792,0.20626322,0.1326373518,0.1010097375,0.1296805419,0.0979795904,0.0989958923,0.0736783281,0.1550342907,0.1197141164,0.1247178071,0.304072098,0.1629009921,0.2139558048,0.2012546722,0.1614410446,0.185011164,0.1978748626,0.1779116297,0.1822052579,0.1308176615,0.1345414698,0.1263993949,0.1203136288,0.1351564566,0.1116035414,0.1063258431,0.1842384822,0.2139970046,0.2148153898,0.1673628088,0.1844643745,0.2866928581,0.3110670269,0.1516709928,0.2237431366,0.1312859232,0.163066212,0.1631272353,0.2033469219,0.2283233588,0.1356653926,0.1398832199,0.0808487985,0.0884972524,0.0888068555,0.0800073925,0.0849507886,0.1444004285,0.1568602358,0.1307694124,0.193199391,0.1036380562,0.1271893669,0.1767610082,0.2607647504,0.1518750008,0.1571683248,0.1306827408,0.1871636089,0.1586076695,0.2111355302,0.2165828333,0.211350993,0.2054074177,0.2599643889,0.2230634335,0.3135493755,0.2367363102
50,0.3230188238,0.3458461738,0.2977612947,0.3043406652,0.4237385445,0.2694387309,0.2854142653,0.5295830297,0.3202797006,0.3249872849,0.3358156364,0.2562392448,0.2434340059,0.2035170652,0.214914795,0.175227634,0.1459019102,0.2270311705,0.2451766702,0.211813541,0.2048529268,0.2065158068,0.3334323907,0.1012605864,0.0427685995,0,0.0954099423,0.1966431668,0.1769206078,0.189477745,0.1773628422,0.2368681378,0.2119332587,0.1228207714,0.0703389241,0.1324359139,0.0668953117,0.0602796966,0.0432808626,0.1252473258,0.0939883078,0.1017735366,0.2752174737,0.1348603686,0.1837288813,0.1685246962,0.1372580771,0.159624891,0.166790584,0.1520386346,0.1846808171,0.1273510148,0.1036743805,0.0995709248,0.0936886589,0.1596303878,0.0821384165,0.1002720894,0.1553927057,0.1833108785,0.1864810182,0.1378976839,0.2113599582,0.2608995847,0.2895472578,0.131261627,0.1901518454,0.1038558004,0.1328976842,0.1336709582,0.1725977877,0.1986547337,0.1501290214,0.1110374434,0.0693005393,0.0775594939,0.0528095436,0.0515509208,0.0778618383,0.1200139609,0.1217174126,0.101186267,0.2093213491,0.0676697726,0.0921368342,0.1696720579,0.2423815388,0.125372131,0.15559423,0.132271747,0.1763479505,0.1750610383,0.2060001819,0.1799138012,0.2027649889,0.2217302129,0.2833953816,0.2364554515,0.286232505,0.2094371353
51,0.3438074977,0.3431305742,0.3150816174,0.3792478381,0.4552416081,0.3224510636,0.3092442806,0.5566014643,0.3476644355,0.3140122315,0.3504816085,0.2672599089,0.2345957046,0.2288356745,0.2891222724,0.2009302394,0.1987378066,0.2664808131,0.2915276241,0.2295497119,0.2493493745,0.2338646299,0.3217827126,0.1516815443,0.1223452499,0.0954099423,0,0.2207532941,0.1770770155,0.2267388227,0.222779829,0.2999559417,0.2729837581,0.1570931188,0.1260382076,0.1598072209,0.1011692907,0.1237733375,0.0952939103,0.1852463815,0.1291332747,0.1564719478,0.3244262782,0.1576141467,0.2554333062,0.244197375,0.1842372273,0.1824715714,0.2182290429,0.18708084,0.2243339599,0.1735161641,0.1572741288,0.1518710067,0.0979463546,0.1517255331,0.1341192238,0.1492685459,0.2107471686,0.2325196831,0.2319949669,0.1871064885,0.2538448951,0.3050120363,0.3454763094,0.2045467056,0.2151843316,0.1763653782,0.182199391,0.1785974106,0.1203134795,0.1878309782,0.1873068728,0.1568796468,0.1549765325,0.1584669823,0.1417869153,0.1317903219,0.1595676996,0.1878518819,0.1394440958,0.10341253,0.3039231178,0.1511833931,0.1521102694,0.1515858194,0.2103008599,0.1512782365,0.1785495826,0.1719411802,0.1780557479,0.1993573583,0.2288896961,0.2294889061,0.2278841576,0.2578907709,0.2447619961,0.2927955631,0.3220801939,0.2649543983
56,0.3151424457,0.3123287701,0.3226396016,0.3476354602,0.3309045246,0.2583159261,0.2597974578,0.4701220045,0.2928496073,0.3008131949,0.3116415464,0.2532468716,0.2710761552,0.2303090026,0.3363119212,0.2557257083,0.2716397062,0.2709252442,0.2708194301,0.2263221853,0.2275015793,0.2279407256,0.3330834223,0.1989882058,0.1988481123,0.1966431668,0.2207532941,0,0.1923069574,0.1871564519,0.168641639,0.2076909178,0.1812669798,0.1765014601,0.2307754021,0.1480225108,0.1937712192,0.1960081047,0.1955140339,0.1984454181,0.1712293401,0.2027136424,0.3115731921,0.1504590662,0.2030808305,0.2083487658,0.1994671692,0.1005301661,0.1284528798,0.2253867141,0.2236908859,0.1442609615,0.1474244911,0.1238571554,0.1870000919,0.1773950354,0.2231729612,0.198969744,0.2529161374,0.2483601256,0.2547137162,0.1742534023,0.2589547985,0.330009988,0.3131642038,0.1725013502,0.2047081275,0.1777352779,0.2011940867,0.2040023627,0.2479732676,0.1666343837,0.3077350402,0.2106728772,0.1994637253,0.1994561716,0.2112685908,0.2242265627,0.2051988936,0.2664721372,0.2707189994,0.2379393831,0.2367950964,0.2448406351,0.2479042635,0.1896084716,0.2541225804,0.1235289355,0.1537510344,0.1552826402,0.1466434432,0.178323564,0.1234033173,0.1986871019,0.1219907784,0.31381145,0.3338107976,0.2079397049,0.3088811574,0.2808311408
57,0.341098711,0.3597680568,0.2908151569,0.2934523358,0.3801303141,0.2523974595,0.2860837234,0.5671560364,0.259609509,0.2695310986,0.3293981795,0.2784186206,0.3213466662,0.1713893786,0.2592630835,0.2039743804,0.221816728,0.2898736632,0.2883597846,0.2519137131,0.2253748164,0.221359154,0.4162262705,0.1645177867,0.1829743615,0.1769206078,0.1770770155,0.1923069574,0,0.0969976505,0.2429807156,0.2666686373,0.2975569523,0.2068450301,0.2079168276,0.0949799971,0.1457599319,0.1494507415,0.1665304656,0.1534481338,0.1773017591,0.1254753259,0.3341691018,0.1421999451,0.1991270658,0.2059438027,0.1436208526,0.1697364703,0.1949981813,0.2293404788,0.1946637982,0.1395622374,0.139574591,0.1455444164,0.2248503949,0.0959076932,0.1804053313,0.14426595,0.2031458484,0.1358164001,0.1965363974,0.1928036688,0.3439246485,0.2184223113,0.2559923816,0.1674552323,0.2563585498,0.2035702166,0.1441917646,0.1428420365,0.204488804,0.2079368121,0.1800050485,0.1782379818,0.1759449625,0.1769934099,0.1890817591,0.2006791042,0.180595434,0.2074401174,0.1548494994,0.2425265391,0.2665454616,0.2233228743,0.1993594757,0.2266040736,0.2020978717,0.1986597499,0.1724967925,0.0985926707,0.1460715425,0.1733949785,0.1707316039,0.1977176881,0.1698614134,0.3184230448,0.3349275638,0.2600793442,0.3084118808,0.2309548867
58,0.3595738954,0.3857582086,0.2759165133,0.308804821,0.421734792,0.285089167,0.2922587718,0.5944143501,0.2848919803,0.3490517241,0.3725082581,0.2882006231,0.3642209647,0.1329388886,0.2892836999,0.1945513869,0.2175662482,0.3085740521,0.3020006892,0.227434426,0.1986455066,0.1906503303,0.4374030861,0.1062020517,0.1981024288,0.189477745,0.2267388227,0.1871564519,0.0969976505,0,0.1612829305,0.2990127538,0.3010672151,0.1378548272,0.1715904271,0.1043394372,0.1545749528,0.164388762,0.1912370556,0.1987867534,0.2210073849,0.1681992753,0.2904222067,0.1705371596,0.2039031427,0.1824014233,0.1419149233,0.1972628513,0.1736132113,0.2603847426,0.1369278421,0.1645081593,0.1336388346,0.1666127136,0.1916137167,0.1367649548,0.2269009453,0.1936191491,0.1963393612,0.1330741655,0.171175955,0.1972290585,0.3624077608,0.1983048319,0.203120384,0.1062487635,0.2371205156,0.1697536859,0.1374151636,0.1418619116,0.201027957,0.2141198481,0.1948466797,0.1721610796,0.1365669165,0.1389950374,0.160027937,0.2240411827,0.1955562997,0.2433470288,0.1887786235,0.2065214088,0.3015027409,0.1877048873,0.189439514,0.2191916925,0.2589832018,0.2180919683,0.1917577297,0.1065670944,0.1619779615,0.1625914479,0.1918562638,0.2256124555,0.18851879,0.3459928684,0.3521793689,0.2364786622,0.2650066176,0.1677483323
